200
3
  0.0000000000000E+00
  4.7978615900274E-03
  4.7978615900274E-03
  4.7978615900274E-03
  4.7978615900274E-03
  4.7978615900274E-03
  4.7978615900274E-03
  4.7978615900274E-03
  4.7978615900274E-03
  4.7978615900274E-03
  4.7978615900274E-03
  4.7978615900274E-03
  4.7978615900274E-03
  4.7978615900274E-03
  4.7978615900274E-03
  4.7978615900274E-03
  4.7978615900274E-03
  4.7978615900274E-03
  4.7978615900274E-03
  4.7978615900274E-03
  4.7978615900274E-03
  4.7978615900274E-03
  4.7978615900274E-03
  4.7978615900274E-03
  4.7978615900274E-03
  4.7978615900274E-03
  4.7978615900274E-03
  4.7978615900274E-03
  4.7978615900274E-03
  4.7978615900274E-03
  4.7978615900274E-03
  4.7978615900274E-03
  4.7978615900274E-03
  4.7978615900274E-03
  4.7978615900274E-03
  4.7978615900274E-03
  4.7978615900274E-03
  4.7978615900274E-03
  4.7978615900274E-03
  4.7978615900274E-03
  4.7978615900274E-03
  4.7978615900274E-03
  4.7978615900274E-03
  4.7978615900274E-03
  4.7978615900274E-03
  4.7978615900274E-03
  4.7978615900274E-03
  4.7978615900274E-03
  4.7978615900274E-03
  4.7978615900274E-03
  4.7978615900274E-03
  4.7978615900274E-03
  4.7978615900274E-03
  4.7978615900274E-03
  4.7978615900274E-03
  4.7978615900274E-03
  4.7978615900274E-03
  4.7978615900274E-03
  4.7978615900274E-03
  4.7978615900274E-03
  4.7978615900274E-03
  4.7978615900274E-03
  4.7978615900274E-03
  4.7978615900274E-03
  4.7978615900274E-03
  4.7978615900274E-03
  4.7978615900274E-03
  4.7978615900274E-03
  4.7978615900274E-03
  4.7978615900274E-03
  4.7978615900274E-03
  4.7978615900274E-03
  4.7978615900274E-03
  4.7978615900274E-03
  4.7978615900274E-03
  4.7978615900274E-03
  4.7978615900274E-03
  4.7978615900274E-03
  4.7978615900274E-03
  4.7978615900274E-03
  4.7978615900274E-03
  4.7978615900274E-03
  4.7978615900274E-03
  4.7978615900274E-03
  4.7978615900274E-03
  4.7978615900274E-03
  4.7978615900274E-03
  4.7978615900274E-03
  4.7978615900274E-03
  4.7978615900274E-03
  4.7978615900274E-03
  4.7978615900274E-03
  4.7978615900274E-03
  4.7978615900274E-03
  4.7978615900274E-03
  4.7978615900274E-03
  4.7978615900274E-03
  4.7978615900274E-03
  4.7978615900274E-03
  4.7978615900274E-03
  4.7978615900274E-03
  4.7978615900274E-03
  4.7978615900274E-03
  4.7978615900274E-03
  4.7978615900274E-03
  4.7978615900274E-03
  4.7978615900274E-03
  4.7978615900274E-03
  4.7978615900274E-03
  4.7978615900274E-03
  4.7978615900274E-03
  4.7978615900274E-03
  4.7978615900274E-03
  4.7978615900274E-03
  4.7978615900274E-03
  4.7978615900274E-03
  4.7978615900274E-03
  4.7978615900274E-03
  4.7978615900274E-03
  4.7978615900274E-03
  4.7978615900274E-03
  4.7978615900274E-03
  4.7978615900274E-03
  4.7978615900274E-03
  4.7978615900274E-03
  4.7978615900274E-03
  4.7978615900274E-03
  4.7978615900274E-03
  4.7978615900274E-03
  4.7978615900274E-03
  4.7978615900274E-03
  4.7978615900274E-03
  4.7978615900274E-03
  4.7978615900274E-03
  4.7978615900274E-03
  4.7978615900274E-03
  4.7978615900274E-03
  4.7978615900274E-03
  4.7978615900274E-03
  4.7978615900274E-03
  4.7978615900274E-03
  4.7978615900274E-03
  4.7978615900274E-03
  4.7978615900274E-03
  4.7978615900274E-03
  4.7978615900274E-03
  4.7978615900274E-03
  4.7978615900274E-03
  4.7978615900274E-03
  4.7978615900274E-03
  4.7978615900274E-03
  4.7978615900274E-03
  4.7978615900274E-03
  4.7978615900274E-03
  4.7978615900274E-03
  4.7978615900274E-03
  4.7978615900274E-03
  4.7978615900274E-03
  4.7978615900274E-03
  4.7978615900274E-03
  4.7978615900274E-03
  4.7978615900274E-03
  4.7978615900274E-03
  4.7978615900274E-03
  4.7978615900274E-03
  4.7978615900274E-03
  4.7978615900274E-03
  4.7978615900274E-03
  4.7978615900274E-03
  4.7978615900274E-03
  4.7978615900274E-03
  4.7978615900274E-03
  4.7978615900274E-03
  4.7978615900274E-03
  4.7978615900274E-03
  4.7978615900274E-03
  4.7978615900274E-03
  4.7978615900274E-03
  4.7978615900274E-03
  4.7978615900274E-03
  4.7978615900274E-03
  4.7978615900274E-03
  4.7978615900274E-03
  4.7978615900274E-03
  4.7978615900274E-03
  4.7978615900274E-03
  4.7978615900274E-03
  4.7978615900274E-03
  4.7978615900274E-03
  4.7978615900274E-03
  4.7978615900274E-03
  4.7978615900274E-03
  4.7978615900274E-03
  4.7978615900274E-03
  4.7978615900274E-03
  4.7978615900274E-03
  4.7978615900274E-03
  4.7978615900274E-03
  4.7978615900274E-03
  4.7978615900274E-03
  4.7978615900274E-03
  1.0268967649931E-02 -1.9497037547186E-03 -3.8604702211198E-02
  2.8819387314613E-02  3.0311533494878E-02 -2.8299027822189E-02
 -3.4981332327084E-02  5.1883704781407E-02  1.3927141547453E-02
 -2.6334206247773E-02  6.6103819632005E-02  7.4535416014880E-02
 -3.8125279539893E-02 -3.1347771348371E-02  5.9513686941661E-03
 -5.3590867276917E-02 -2.6182035647955E-02  3.0775101126827E-02
 -4.0192651209805E-02  8.0031232220803E-02  3.4818876165703E-02
  4.1317645413954E-02 -4.2774410071235E-02 -3.3757783234149E-02
  5.4193809860108E-02 -3.8113395760371E-02  3.5577816860211E-03
  4.8163495545794E-02 -5.0348929343499E-02 -5.2345339292039E-03
  1.4395052445647E-02 -7.1467108467041E-02  2.7627010082048E-03
  9.0248798965404E-02  6.9411924648775E-03 -1.2689464566487E-02
 -8.7407349109012E-02 -4.0524233791760E-02  6.9544208804389E-02
 -1.0859245387208E-01  3.8043539894803E-02  3.6153569360182E-02
  9.0144439495980E-02  7.1434259780586E-02 -1.9834891887757E-02
 -3.2014167409218E-02  1.2846002811064E-01  1.5975213151224E-03
 -3.9549358257488E-02  1.3067512103195E-01  5.8885635392242E-03
  9.9854476910187E-02  7.9351428298227E-02  1.7483225618419E-02
  1.0941252390584E-01 -3.3485729446694E-02 -3.6372133345416E-03
 -1.2118267409636E-01 -4.0404066063891E-02 -1.4333869989322E-02
 -6.0717536362093E-02 -1.0357008178731E-01 -1.6151699590875E-02
  7.0611521874298E-02 -9.6461577999613E-02 -2.1756676917098E-02
  9.8505273302926E-02  1.1350655521182E-01  1.4096592181247E-01
 -1.4552833176182E-01  5.4472120837076E-02  4.1856172849251E-02
  4.4677758507567E-02  1.5780360265146E-01 -2.5740299731686E-02
  8.1538233961059E-02  1.4286844094242E-01  2.6257118818684E-03
  1.1872611908017E-01  1.1211376965774E-01  5.2987688248373E-02
 -1.5464081419908E-01 -3.7734249516477E-02  4.6271394332787E-03
 -1.5817906359993E-01 -3.8390702397632E-02  3.0257975768344E-02
  9.3512742528202E-02  1.5180851422536E-01 -7.0059652658269E-02
  3.9803084383239E-02  1.8175286249692E-01 -5.3876133619664E-02
  1.5074565718814E-01  9.3368464835227E-02 -8.6147424691169E-03
 -1.5099561174226E-01 -8.2296318101450E-02 -2.0083403426140E-02
 -1.8520420144878E-01  5.9113130528144E-03 -1.2144836363641E-01
 -1.4067474470558E-01 -1.0620434226359E-01  3.3195517935093E-02
 -2.5692536315077E-02  2.0391949104039E-01  1.2837825076615E-02
  1.8471740326923E-01  2.9501587880334E-02 -5.2089465791876E-03
  7.9729194504834E-02 -1.5614034381124E-01 -6.3315542604196E-02
  1.9126729640129E-01  3.6929689560411E-03  1.7752310738713E-03
  1.1886762153741E-01 -1.3938673485098E-01 -5.2380090426231E-02
  7.5250954296905E-02  2.0517664434514E-01 -7.5646648479192E-02
 -1.7478961928692E-01  1.3715110329996E-01  3.8057256833565E-02
 -1.4321521359014E-01 -1.4104388400584E-01  4.9842827476930E-03
  2.0831754818113E-01  2.3509505258684E-02 -7.9624544133528E-03
 -1.8326423185677E-01  1.4232358612841E-01 -4.0176327449207E-02
  3.7420218263967E-04  2.3823910896022E-01  5.5444650784635E-02
 -4.5725339385249E-02 -2.0197246192675E-01  4.9424744935815E-03
 -2.3111344817743E-01  4.0791633386682E-02  1.0698083871471E-01
  1.1815813081961E-01 -1.7624308970083E-01  7.5427217710252E-04
 -1.6007161331436E-01 -1.5684036528494E-01  8.7711076786458E-02
 -2.4082286286638E-01  4.2270839545811E-02  3.2848954720670E-03
  1.4434293453600E-01 -1.6957163791065E-01  9.4507882234537E-03
 -2.3565641364537E-01  9.6263103539266E-02 -1.0420825928395E-02
  9.0975629311958E-02 -2.0891296764212E-01 -2.4175862374715E-02
 -8.6168991432251E-03  2.6771093768660E-01 -3.6321528878047E-03
 -2.2568684147088E-01 -1.0642594800538E-01 -5.3815017304520E-03
 -2.5216100348639E-01 -5.1090101443628E-02  4.8608590722748E-03
  2.5072702981254E-01  6.0139920428357E-02 -5.4090574177210E-03
  2.2404116128011E-01 -1.1023685550252E-01 -1.4895674084289E-03
 -2.7084060936954E-01  2.0918223206859E-04  7.4313195319517E-02
 -2.6794433940736E-01 -4.1981830421443E-02  3.7255565560403E-02
  2.2676414633828E-01  1.6091546591195E-01  8.7504157000356E-02
 -2.3898476743021E-01 -1.2876824941987E-01 -2.7028845354965E-03
  3.0038531064750E-02 -2.5893305120186E-01  7.9598193700675E-03
 -8.6335865395688E-02 -2.5261557891370E-01 -3.1166295933190E-02
 -2.6687011972304E-01 -9.7174266530399E-02  1.9300035159765E-02
  2.7154690086850E-01 -6.4833336206391E-02  2.5124855024287E-02
  2.6548394491459E-01 -9.2009274683929E-02  1.0123060773540E-02
  2.8968339397797E-01 -6.2941165303113E-04 -6.1923675227036E-02
  1.0076908384984E-01 -2.6149689330109E-01  9.0864975443130E-03
 -3.0251274209516E-01 -3.7420979434780E-02 -1.4598713329663E-02
 -2.3959949271469E-01 -1.7829569312423E-01  3.1970188315415E-02
 -2.9751685962250E-01  1.1840258607969E-01 -1.2970498101063E-02
  1.2853258797669E-01 -2.6413586255873E-01 -1.2965540070208E-03
  1.3767440640819E-01 -2.6337940610136E-01  3.0801634237796E-03
  2.0117515822745E-01  2.6107292136399E-01  7.6740476708512E-03
  2.5864321086748E-01  2.0295571732968E-01  1.7069416494780E-02
 -3.0463698575352E-01  1.4660931156549E-01  4.1798726673017E-02
  3.2172833440680E-01  5.4613542708417E-02  6.1498925745342E-02
  8.2798436870088E-02 -3.0266760161999E-01  1.1923402833649E-02
  2.0128925479827E-01  2.8285813075869E-01 -1.6879424967808E-02
  2.6806454809878E-01 -1.8307108989584E-01 -4.3008245554236E-02
 -2.5271433002543E-01  2.5535548422496E-01  6.1995337241972E-03
  1.0971527231357E-01 -3.0862304272327E-01 -3.5817143189179E-03
  2.6002097636451E-01  2.4577709192209E-01 -7.2146109855308E-03
  1.4348972141736E-01  3.3830689975920E-01  2.3393725738438E-02
  2.9614292698438E-01 -1.7266395101942E-01 -1.0974826203952E-02
  7.0517574575200E-02  3.7012412293450E-01  7.0389011014887E-03
  3.2769626281991E-01  1.6422311309749E-01 -2.4748991944105E-04
  6.9967745011160E-02  3.7746295437802E-01 -3.3291312032259E-02
 -1.3970590899828E-01 -3.2768780168931E-01 -1.5995923388279E-02
 -2.5061651995581E-01  3.0089836572611E-01 -4.3385104739467E-02
 -2.1387257600206E-01  3.3328364220370E-01 -8.6204943152440E-03
  6.4748144832245E-02  3.9310066629127E-01 -2.6804550420544E-02
 -3.8862492420762E-01 -2.1093387536036E-02  2.1938982717815E-02
  2.6869271362523E-01  2.9388814260096E-01  5.2459485893256E-02
  3.6081359012140E-01  1.5943505928197E-01  5.0945275777579E-03
 -3.6912859698091E-01 -1.3911731064382E-01 -1.1185647535362E-03
 -1.4324977540086E-01 -3.5744097588227E-01  1.3527997317614E-02
 -3.9748466676333E-01 -7.7858378087662E-02  3.3327435168743E-02
 -4.0955100666466E-01 -3.3138602646066E-02  6.2017266296937E-04
 -2.5878374124155E-01 -3.0581551224038E-01  4.5734332095144E-02
  4.0926131810401E-01  3.4610011271622E-02  2.3129121611304E-02
 -6.0640505726804E-02 -3.9713156723859E-01 -2.8218584544434E-02
 -3.9676068632177E-01 -1.4141624021619E-01  2.9755893426336E-02
  3.3782945110436E-01 -2.3518549807699E-01  1.1244281569864E-03
 -3.6397213378708E-01 -2.1993617038868E-01  6.1060937563849E-03
  6.2391284127000E-02 -4.1096522304327E-01 -9.1490976452299E-02
 -4.1764781316617E-01  1.6642814850432E-01 -3.8845122853551E-02
 -7.2104731308203E-02  4.5506776663976E-01 -1.3942719129821E-03
  4.0439323580551E-01  1.9445789438757E-01  2.6151801634867E-02
  2.2734552639967E-01  4.0332648277039E-01 -3.8349715386191E-03
 -7.4991409592941E-02  4.6682060627615E-01  1.2631435876129E-02
  4.1685155171348E-01  1.9619639150898E-01 -5.1513120989227E-02
 -4.4320956885246E-01  1.6664698951355E-01  3.2620388051661E-03
  4.4236312810077E-01  1.4910416373591E-01  2.9531925050032E-02
 -2.9136693088939E-01  3.9182995909948E-01  7.9714435166270E-03
  4.5253396016859E-01  1.4394059635224E-01 -2.9317185824951E-02
 -4.3983303896325E-01 -1.8406040794268E-01  5.6443961545779E-02
 -2.1599765945206E-01 -4.1714106845170E-01 -4.5701840932982E-02
  3.3806550475404E-01 -3.2833496675560E-01 -2.6760886201196E-03
 -4.6316599143107E-01 -1.6244049954777E-01  3.9878652679227E-02
  3.3387789027602E-01 -3.4448347397691E-01 -1.1534906970989E-02
 -4.8934102497378E-01 -1.1101116927327E-01 -3.1582583360645E-02
 -2.5367885441551E-01  4.5808652801991E-01  2.5391089305732E-03
  1.6598332711490E-02 -4.9137914710063E-01 -3.9993683276725E-02
 -2.2965380742076E-01 -4.4491796033388E-01  9.9833260070901E-04
 -1.9360374527401E-01 -4.6563471458905E-01 -3.6332174293982E-04
 -3.0886034852478E-02  5.4093538455706E-01 -3.5589683069419E-03
 -3.6203394648107E-01  4.0764347227841E-01  1.1786435577378E-02
  5.0895232608219E-01  1.5776086764344E-01  3.2165353891347E-02
  4.4790668524711E-01  3.0730554168970E-01 -4.7665554070608E-03
  1.2131164426463E-01  5.4553958850981E-01  1.0024104521804E-02
  2.4863175084219E-01  5.0291022967488E-01 -1.3734014057514E-02
 -3.0504691273072E-01  4.8195503149605E-01 -4.8352920949628E-04
  4.7782239585972E-01 -2.5975402328523E-01 -5.0428754397609E-02
  3.4069102549308E-01  4.6123532412386E-01  2.3794596814443E-03
  2.4832918498486E-01 -4.8958465594012E-01  7.2316087571803E-04
  3.3219955269198E-01  4.8046054983619E-01 -1.0039792296723E-02
 -1.7928050304115E-01  5.6895814257523E-01  1.0185012845697E-02
 -2.8713691564824E-01 -4.9246056419593E-01  1.8512386149654E-02
  1.1423704759156E-01 -5.5811411985085E-01 -2.4167403162902E-02
  5.8121893484774E-01 -7.4124994199904E-02  1.3194948293555E-03
  5.8258032621122E-01  1.3374583069448E-01  4.2486375548451E-02
 -4.5199792293351E-01  4.2573282488932E-01 -1.8128961619012E-02
  5.1925033517235E-01 -2.9401694020610E-01  1.7765324878687E-02
  2.2345536106043E-01 -5.5401360270458E-01 -1.7583765940550E-02
 -5.9674400572766E-01  2.1015558568963E-01 -1.0678551258114E-02
 -5.7604846929617E-01  2.7928263547352E-01 -3.3500143264650E-02
  6.2819090500816E-01  1.1652573661021E-02 -7.5380417145555E-02
  2.9494905607344E-01 -5.4673428776024E-01 -5.3079263848353E-02
  1.8357152131482E-01  6.3541394103336E-01 -1.0783376437542E-02
  6.0797331177753E-01 -2.0288280493818E-01 -4.2550299946185E-03
  4.9198715039873E-02  6.7389071184373E-01 -2.9027693128883E-02
 -6.6978409504147E-01  3.8578994491743E-03 -8.1881565936148E-03
 -4.5099811356389E-01  5.1970700976987E-01  2.9912256887535E-02
  3.3806344570069E-01 -5.6621649838431E-01  6.1894125217414E-02
 -5.8370216638665E-01 -3.4793570166500E-01 -3.3426193814561E-02
 -5.9483244087532E-01 -3.4297474645171E-01 -3.8766585810072E-02
 -7.0278758184345E-01 -1.3858312817431E-02 -3.5057272851094E-02
 -6.8520279283386E-01  2.0548932593241E-01 -8.1788902841967E-02
  6.6303959195982E-01 -2.2858544306260E-01 -6.1045949954873E-02
  2.1643125871453E-01  7.0272556843263E-01  2.3071077911609E-02
 -7.2787853007842E-02  7.4210642338753E-01  1.7429636002432E-03
  6.0510595009463E-01  4.2712604386163E-01 -7.1220474190771E-03
 -5.8468165728794E-01  4.8272209222461E-01  7.1856742315301E-04
 -5.4020417336052E-01  5.4469263451021E-01 -2.7527492479183E-02
 -7.4924367926179E-01 -1.3170194456835E-01 -8.9874491891546E-03
 -7.7245945469323E-01  1.4667108571706E-02  4.2723785787051E-03
  1.5236557748045E-01  7.7737406638134E-01  2.3792296347309E-02
  4.9184328315624E-01  6.2454629562839E-01 -3.6891201835296E-02
  7.8704532133719E-01  5.3974910958389E-02  1.7600821414441E-03
  7.9508750178602E-01  7.3378537466335E-02 -4.0919579170419E-02
  3.9968286650663E-01 -6.8548962838700E-01 -2.8679527555212E-02
  2.7217222065524E-01 -7.5508334078451E-01  1.4249357102934E-02
 -2.4935868452822E-01 -7.7666888146773E-01  1.4179690502155E-02
 -6.2673636143137E-01  5.8534328867717E-01 -2.3823670833186E-02
  6.6146818353076E-01  5.4813943430005E-01  9.4616473386768E-04
  1.7886863902013E-01 -8.2481721005774E-01 -2.1291327290413E-02
 -1.9144237649827E-01  8.7176102475704E-01  2.1638182956433E-03
 -4.6741076508703E-01 -7.3721556634283E-01 -1.5162550411756E-02
  5.6506720420325E-02  9.1305536863789E-01 -1.2957136254814E-02
  2.8977469779416E-01 -8.4233456995662E-01  1.0454061581673E-02
 -9.1995852782267E-01 -1.0098186757504E-01  5.9294082515141E-03
  2.7607308128304E-01  9.1020068529791E-01  9.5681930558141E-03
  1.1342951077472E-01 -9.2392170152582E-01  4.8895148174403E-02
 -1.2353102669604E-01 -9.3849618939046E-01  1.2127307957241E-01
 -2.4089953085839E-01 -9.3203005568515E-01  3.6846511882595E-03
  2.1320741255834E-01 -9.5220491282424E-01  1.6734585465703E-02
  1.0053341359453E+00  4.2781171607213E-02  8.9654252712854E-03
 -6.1230653493278E-01  8.4814093662657E-01  6.0207718441826E-02
 -6.4174348797412E-01 -8.1305940365785E-01 -8.3306205088028E-02
  1.7381407770153E-01  1.0689375204092E+00 -6.2133587015602E-03
  2.3751510786397E-01 -1.0413093476132E+00  4.2769725008562E-03
 -7.0289611084428E-01  8.7991458855159E-01  1.9827996193285E-02
  1.1052621677725E+00 -2.0347446247009E-01  2.2289516707139E-02
 -3.4338118952328E-01 -1.0896381565231E+00  2.2724516716273E-02
 -5.7304709367065E-01 -1.0231373670039E+00 -5.1416657042066E-02
 -2.6545128363938E-03 -1.1982999340281E+00 -2.7131739148790E-02
  1.1891163405179E+00  3.8636983200497E-01  8.4959881289198E-04
 -4.1042276040073E-01 -1.9476285065431E-01 -1.0671590103365E-01
  3.7971952201690E-01 -7.3315659201763E-01  5.2324037577163E-02
  1.6659493433898E-01  4.5611147924674E-01 -2.4544070275294E-01
  6.3181416363380E-01 -6.7493452094357E-01  2.2979709920043E-01
 -9.0315432770114E-01 -4.5018167226424E-01 -1.9411861651034E-01
 -1.0350435840912E-01 -4.1046705968795E-01  8.1952463010670E-02
  2.4559221461796E-01 -1.0164604046823E-01  2.7507963574793E-01
  1.5502595047187E-01 -4.5167731416724E-01 -1.1384278852314E-01
 -1.4621318691052E+00  2.2398627369150E-01 -1.1507417050454E-01
 -4.5437810515717E-01 -8.0250195266383E-02  1.1897919319084E-01
 -4.2235338938154E-01 -1.3010494828311E-01  4.1637532235666E-02
 -2.6821892793226E-01 -1.6547471176350E+00 -1.5589878922975E-01
 -4.1293826468787E-01  4.3352932932321E-01  5.1140480547571E-01
 -3.4847258213026E-01  6.8786980548085E-01  1.3864211239280E-01
  1.1426127767701E-01 -6.5338117752510E-01 -3.9786320734355E-03
  1.2245505028473E+00 -3.9355846804160E-01  2.0711860147812E-02
  4.5099828030467E-01  1.4562300776577E-01  1.4327235581081E-01
  8.2727474813687E-02 -1.2279113465440E+00 -5.9488736857571E-02
 -6.7603904215618E-01 -1.3944721725822E+00  1.5424502061343E-01
  9.6118843583715E-02  9.7128774910122E-01 -4.1375822698608E-01
 -2.9626835779452E-01  2.0340945087983E-01  1.5775493243905E-01
 -4.4410173686955E-01  7.7371438219331E-01  1.1853081600620E-01
 -5.7146877720824E-02 -1.1320027415877E-01 -3.9804334655565E-01
  5.4348667841821E-01  8.2852389954991E-01 -2.9036770485884E-01
  7.7368954653323E-01 -9.0998374099593E-02 -4.1265959346441E-02
  8.2388545697275E-01 -4.8255098494182E-01  2.6891659619471E-02
  1.3595745280562E+00 -8.4475878542584E-01  2.7823524517506E-01
 -4.1620467184331E-01  1.8111535284743E+00 -1.7440083026796E-01
 -1.5250536780926E-01  8.9187002832500E-01  1.6250407695427E-02
  3.3953081743711E-01 -8.5481478934360E-02 -1.1571158904247E-01
  1.7087915212112E+00  1.4270412456090E-02 -8.4751229468773E-02
 -3.0487567437395E-01 -9.3015805071103E-01  9.9027661166195E-02
 -1.1272475249425E+00  5.2008819204825E-01  1.3732149472035E-02
  4.1339217221976E-01  6.7921324613820E-01  4.5032316380029E-01
 -5.5951226207714E-01  4.2860730399715E-01  2.5490585922230E-01
  4.8075700766866E-01  1.0852493610706E+00 -1.0764993342928E-01
  6.4543722797454E-02 -1.2365990931771E+00  1.2469947121680E-01
  2.4231375500793E-01  6.2737959464094E-02  3.5030316141575E-01
  3.4798265384952E-01 -5.4248146256560E-01 -1.4750814557565E-02
 -4.9353636646247E-01 -7.3894451546677E-01 -1.8227014269512E-01
  1.2301159794917E+00 -6.2738619218646E-01  2.7103738260183E-03
 -1.4089198880660E-01  8.8264230127800E-01 -1.1849804588811E-01
 -4.9796513967208E-01  4.9846388085542E-01 -1.3199221123413E-01
 -1.7546735720001E-01 -8.2821758699290E-01 -6.9585016285230E-02
  5.2383849852632E-01  1.2679151934038E+00 -3.9898294146972E-03
  7.7945705068017E-01 -2.8371403497834E-01  1.1938749134764E-01
 -5.6376656277047E-01 -1.9381891614533E-01 -3.7667740352998E-01
 -1.9292758745855E-01  8.1075754845227E-01  2.2497470429383E-02
 -1.3397374081513E+00 -6.2147777930352E-02  2.8017524295638E-01
 -6.3180023922061E-01  6.8525322141812E-01 -1.6604765452007E-02
  2.1891818271017E-01  1.1880952346718E+00  1.3673057456148E-01
 -4.6176580803476E-01 -1.2546548322684E+00 -4.9110495818947E-02
  3.3865640440578E-01  4.5365315671202E-01 -1.2702842707103E-01
 -8.6043381102868E-01 -1.2318220060341E-01 -1.4575851218111E-02
  1.0941684039682E+00  7.4319683830334E-01 -7.4126938055415E-02
  5.4413237922599E-02  1.5330466376408E+00 -1.0621035271054E-02
 -4.8850758126447E-01  3.0813920896692E-02 -3.5311093304786E-01
  9.9309621779896E-01 -7.1203803900688E-01  1.7958660530405E-02
 -2.2929004286311E-01 -5.7047607554166E-01  1.3408049120962E-01
  5.2372372319127E-01  1.1171591327460E+00  3.8517755425207E-01
 -2.4504003447642E-01  1.0028374759945E+00 -5.8941264316518E-02
  4.7530460394845E-01 -9.5345647553241E-01  2.1608532779480E-02
 -1.3452620784596E-01  8.2102348388602E-01 -2.0744739596308E-03
 -5.2518098781556E-01 -3.5500576164362E-01 -1.9118004035845E-01
 -1.4285593487366E-01  5.1787329675051E-01 -1.6525648511602E-01
 -2.1566616106626E-01  2.8880238626540E-01  6.4327589502959E-02
 -3.1755009088950E-01 -1.1072771581939E+00 -4.0735736572661E-02
 -2.9073569078394E-02 -9.2226838632970E-01  3.4436501387870E-01
  2.9631956023658E-01 -4.3755281358274E-01  3.1361324539723E-02
 -1.1684161902153E+00 -1.4080366889436E-01  4.9705190812717E-02
  3.6631760606528E-02  1.0350943947448E+00 -1.1052617517198E-01
 -1.0020317842668E-02  1.3553732713466E+00  5.0252414942787E-02
 -4.3821695792988E-01  1.2162510914395E+00  4.7970203134567E-01
 -1.1463502701199E+00 -3.9896033053186E-01 -2.7868237619082E-01
 -9.2996831467669E-01 -5.8522247693246E-01 -1.7006038424408E-01
  9.1714782796189E-01 -1.7301967426197E-01  9.3530190699578E-02
  4.1552545929383E-01 -1.3208791291618E+00 -2.5287863041176E-01
  6.7551014802730E-01  3.5859043270607E-01  5.7709831758886E-03
  1.3590273621225E-01 -9.7049108016630E-01  3.4808818313446E-01
 -8.1676552033690E-01 -5.0024991406359E-01 -8.2130118654123E-02
  3.5223657396824E-01 -9.3059010498099E-01 -2.9963477869275E-01
 -1.5662382023263E-01 -3.2346381724563E-01  2.1770707342234E-01
  2.2880409502808E-01  8.8449001210503E-01 -2.1739098994223E-02
 -7.5610946566442E-01 -8.3490639949074E-01 -7.4187620346565E-02
  8.4899361426063E-01 -2.1992052997645E-01  1.8979282305841E-01
  1.5877028653691E+00 -1.4614583031047E-01 -1.7759632051439E-01
 -3.4132615695033E-01 -3.9427367184300E-02 -1.3681893770077E-01
  1.1620175498467E+00  1.9366546301793E-01  2.3557483982904E-01
  4.9479715871722E-01 -1.2811577310382E+00  1.3153352210608E-01
  6.4927934868918E-01 -7.8208711583418E-01 -6.4295353112284E-02
 -1.1183440829643E+00 -4.1386945150115E-01 -2.7544472959067E-01
  4.9368645402273E-01  5.9778629944535E-01 -1.6052037849754E-01
  7.8863810369337E-01  3.3468678450183E-01  2.7984763763543E-02
  1.1073907265974E+00  1.2391783696032E-01 -2.3564978789813E-01
 -2.6479890690367E-01  2.0920529694366E-01  3.0489802109801E-01
  7.1440577186496E-01 -1.0149934332268E+00 -6.4677017598042E-02
 -2.6902605461848E-03 -7.7811972378762E-01  1.3627996223798E-01
 -1.1596321815114E+00  5.1147115806525E-01  7.5637394312156E-02
 -4.2372115249362E-01  2.6806051761036E-01  2.6756068102636E-01
 -4.5330554253993E-01  1.4606165859794E+00  6.5919179822778E-02
 -4.5865644016864E-01  6.6071855478674E-01 -1.3572564755427E-01
 -5.9820945662360E-01  4.7545958731391E-01  1.7550198055742E-01
  2.3712859348198E-01 -3.9889172716466E-01 -6.4867641463138E-02
 -8.7146205262623E-01  5.5589128452327E-01  3.3347055474513E-02
 -3.1661869459626E-01  6.4221339313944E-01 -3.5450573672170E-01
 -1.3038825116947E-01 -7.3834032289569E-01  2.8171584334908E-01
 -5.1041648584562E-01  1.0362558150115E+00 -7.6112780999436E-02
 -1.1469735027084E+00 -4.7854407461834E-01 -3.9100459269782E-01
 -5.0831929211825E-01  1.1445379053861E+00  1.7752450587438E-01
  9.8236337673936E-01  9.4036392974335E-01 -6.8515488769768E-02
  2.0210738892777E-02 -7.1610577219829E-01 -1.1514117992567E-01
  7.1552165603765E-01 -8.2602679126044E-01  1.6283665702067E-01
  8.6882475428493E-01  2.1393116754309E-01  1.1555993578796E-01
  6.1349844891776E-01 -7.3177271362305E-01 -2.5772642585177E-02
  4.6520450519120E-01  9.3006025602536E-01  6.5643618125387E-02
 -2.0006715624952E-01 -1.1117520292362E+00 -8.3369725656592E-02
  1.0367378953588E+00  1.9071202294937E-01 -1.2344999556087E-01
  5.7742588729973E-01 -1.0916520128644E+00 -8.1324612466380E-02
 -1.1970123008954E+00  6.6998533408081E-01  1.6392167123576E-01
 -1.0548770651855E+00  2.9100488826829E-01 -3.0067965087109E-01
 -8.2283904713663E-01 -3.7643584051918E-01 -7.5983004475648E-02
 -7.4840650283697E-01  7.9804098902758E-01 -3.2503044971190E-01
 -1.0264867530645E+00 -5.1273552658944E-01 -1.7062185139204E-01
 -8.8840710418783E-02  1.0405092798376E+00 -8.3465818629966E-02
  7.0085233920308E-01  5.1080627810958E-01  9.3533451380085E-02
 -8.4399367933210E-01 -2.8177299653132E-01 -1.3304318256409E-03
 -1.0925560104002E+00 -9.5149026454875E-02  6.6992830501865E-02
 -1.1875890740035E+00  8.5333816294799E-02 -2.4155417491867E-01
  1.1466449437525E+00  4.5702212651317E-01  1.2744003477093E-01
  1.0844376402721E+00  4.6975826024279E-01  1.0835527924075E-01
  2.6830547929002E-01 -8.9094154030660E-01  2.6006819939737E-01
  7.1082582449857E-01 -6.9305000256619E-01 -1.1722358361004E-01
  8.0552753799226E-01 -4.6564533057569E-01  1.7935363411411E-01
  7.4007483629076E-01 -3.9744858472354E-01  1.4628015697664E-01
  1.1657140383201E+00 -9.3492045924617E-02 -2.0857166462823E-01
 -5.0162317301860E-01 -8.0260349888955E-01  2.0541417350441E-01
  8.4213333985083E-01 -3.9365622258346E-01 -1.5399631340898E-01
 -1.0538212810825E+00 -1.2289655298880E-01 -1.3075215425138E-01
  9.1759020118976E-01 -6.7784895489327E-01 -1.6023851394675E-01
  1.1468389593569E+00 -2.5006244781926E-02 -8.1257844630405E-03
 -1.2283753597677E+00  2.2777249742874E-01 -1.0429722251623E-01
 -9.2950902008066E-01 -4.6554378477587E-01  9.2765783451206E-02
 -2.3531903164179E-01 -1.0217109678386E+00  1.6052254983648E-01
  3.6517814568953E-01 -7.7930728563623E-01  5.1246643245382E-02
  3.0012680432614E-01  8.7033053755583E-01  1.4262236426781E-01
  4.1130839980000E-02 -7.1312494605448E-01  4.1158398021708E-02
 -1.0247288661005E+00  1.3311507935014E-01 -1.4867168625686E-02
  7.5643458051317E-01  8.4591349446593E-01 -1.6620759507981E-01
  3.2732559509879E-01  7.3449724528953E-01 -1.7846930079886E-01
  2.5497321537926E-01 -8.7822533409469E-01  4.7595571097624E-04
 -1.1400480037520E+00 -4.4819651378406E-01  6.0053535316150E-02
  9.6787540251774E-01  3.0188265047251E-02 -3.0220290290188E-02
 -5.1940277778028E-02 -9.5549142094116E-01  1.9427180950972E-02
  1.0877878948382E+00  1.3867723653420E-01  1.0968200805432E-01
  1.2231059075900E-01  9.4590805584362E-01 -1.8140755702749E-01
  1.0794335131699E+00  7.2480967004017E-01  8.8576381540149E-02
 -1.1613741743615E+00 -5.9727489258378E-01  4.1157496850841E-02
 -4.4402156729997E-01  1.2519624953955E+00  9.3409771381101E-02
 -5.0142081381178E-01  9.1280583749531E-01  9.0712630439325E-02
 -6.9388858003306E-03  1.0830965608424E+00 -2.7768905767678E-02
  1.8617970917999E-01  1.1822996596960E+00  4.8508637952794E-02
 -7.6508747917305E-01 -7.6231308918796E-01  1.8560235298267E-02
  1.2396806808924E+00 -1.2485324246574E-01 -9.1585659338631E-02
  9.2759799858290E-01  2.5292092477513E-01  3.0404142847388E-02
  7.1360646773856E-01 -7.0819465288937E-01 -2.6496360100130E-01
  7.8522181285183E-01  8.3632259819974E-01 -3.9907899240953E-02
  5.8552218341787E-01  6.9862245812825E-01 -7.6020480215527E-02
 -4.2120577645386E-01  9.8285089421872E-01 -6.6365980008662E-02
 -5.8983345287196E-02  1.0736102157805E+00 -4.9365618722839E-02
  8.5901759860650E-01 -2.0442064958722E-01  3.6087180570859E-02
  6.4637632997647E-01 -7.4927679816356E-01  1.9398685318468E-02
  7.7036352054582E-02 -7.5864785377623E-01  2.5894220326570E-02
 -4.2179898478200E-02 -1.0764505408267E+00  1.2010964694783E-01
 -9.2342213576094E-01 -3.9148327994200E-01  6.3017672660315E-02
 -1.0134916132912E+00 -6.5725557304285E-02 -1.7632396765660E-01
 -1.0507045608383E+00  3.2715275966040E-01 -7.9264340386978E-03
  8.1559275006381E-01  9.0542420286308E-01  5.0208415166247E-03
  5.5125559196754E-01 -1.0550468189271E+00  5.5460753947886E-02
 -9.7415872286980E-01 -1.5540689433125E-01 -1.0766435264282E-01
  9.9178845877037E-01  5.6957769476760E-01  5.8645108400700E-02
 -7.1750852742500E-01  5.1046946734696E-01 -3.3102825216002E-02
  1.1739182846934E+00 -6.0404503310351E-02  5.0513357090989E-02
 -8.3339145762654E-01 -3.4393547684971E-01 -1.3727503954163E-01
 -1.3792236104977E-01  9.8259215883525E-01  2.1737495208425E-01
  9.4793276642581E-01 -5.5070168697492E-01 -3.5224452429053E-02
 -9.4827868026385E-01  4.9122407044451E-02 -7.0105842514938E-02
 -9.9995924725645E-01  1.3846441961131E-01  1.1000623521547E-01
 -8.3761369687677E-01  3.4503115182828E-01 -1.8537429170603E-02
 -8.9654609852384E-01 -1.9996745005648E-01 -1.9953810865298E-02
  2.1425159764726E-01 -9.2756789414371E-01  3.2980729896130E-02
  7.6872797189838E-01  6.4951605686126E-01  1.2920749808994E-01
 -7.6107912913437E-01  6.4946697115017E-01  1.0944986885600E-02
  1.0479848575592E+00 -2.9837594054565E-01 -3.0977489995651E-02
 -9.7081277750876E-01 -1.1355148605074E-01  3.4147523082627E-05
  8.1772607332856E-01  5.1084976717744E-01  6.3571705778472E-02
 -1.0133443388280E-01 -1.0035386765333E+00  1.3277732372746E-02
 -8.9485275422769E-01  2.5209859958218E-01 -7.9834060520930E-03
 -8.1637174633747E-01  4.9455683253056E-01  1.3901940192309E-02
 -9.1985726288779E-01  6.1750598833594E-02  4.9860176628533E-03
  3.7945460976221E-01 -8.5993599147225E-01  7.8140172022100E-02
