200
3
  0.0000000000000E+00
  5.0000000000000E-03
  5.0000000000000E-03
  5.0000000000000E-03
  5.0000000000000E-03
  5.0000000000000E-03
  5.0000000000000E-03
  5.0000000000000E-03
  5.0000000000000E-03
  5.0000000000000E-03
  5.0000000000000E-03
  5.0000000000000E-03
  5.0000000000000E-03
  5.0000000000000E-03
  5.0000000000000E-03
  5.0000000000000E-03
  5.0000000000000E-03
  5.0000000000000E-03
  5.0000000000000E-03
  5.0000000000000E-03
  5.0000000000000E-03
  5.0000000000000E-03
  5.0000000000000E-03
  5.0000000000000E-03
  5.0000000000000E-03
  5.0000000000000E-03
  5.0000000000000E-03
  5.0000000000000E-03
  5.0000000000000E-03
  5.0000000000000E-03
  5.0000000000000E-03
  5.0000000000000E-03
  5.0000000000000E-03
  5.0000000000000E-03
  5.0000000000000E-03
  5.0000000000000E-03
  5.0000000000000E-03
  5.0000000000000E-03
  5.0000000000000E-03
  5.0000000000000E-03
  5.0000000000000E-03
  5.0000000000000E-03
  5.0000000000000E-03
  5.0000000000000E-03
  5.0000000000000E-03
  5.0000000000000E-03
  5.0000000000000E-03
  5.0000000000000E-03
  5.0000000000000E-03
  5.0000000000000E-03
  5.0000000000000E-03
  5.0000000000000E-03
  5.0000000000000E-03
  5.0000000000000E-03
  5.0000000000000E-03
  5.0000000000000E-03
  5.0000000000000E-03
  5.0000000000000E-03
  5.0000000000000E-03
  5.0000000000000E-03
  5.0000000000000E-03
  5.0000000000000E-03
  5.0000000000000E-03
  5.0000000000000E-03
  5.0000000000000E-03
  5.0000000000000E-03
  5.0000000000000E-03
  5.0000000000000E-03
  5.0000000000000E-03
  5.0000000000000E-03
  5.0000000000000E-03
  5.0000000000000E-03
  5.0000000000000E-03
  5.0000000000000E-03
  5.0000000000000E-03
  5.0000000000000E-03
  5.0000000000000E-03
  5.0000000000000E-03
  5.0000000000000E-03
  5.0000000000000E-03
  5.0000000000000E-03
  5.0000000000000E-03
  5.0000000000000E-03
  5.0000000000000E-03
  5.0000000000000E-03
  5.0000000000000E-03
  5.0000000000000E-03
  5.0000000000000E-03
  5.0000000000000E-03
  5.0000000000000E-03
  5.0000000000000E-03
  5.0000000000000E-03
  5.0000000000000E-03
  5.0000000000000E-03
  5.0000000000000E-03
  5.0000000000000E-03
  5.0000000000000E-03
  5.0000000000000E-03
  5.0000000000000E-03
  5.0000000000000E-03
  5.0000000000000E-03
  5.0000000000000E-03
  5.0000000000000E-03
  5.0000000000000E-03
  5.0000000000000E-03
  5.0000000000000E-03
  5.0000000000000E-03
  5.0000000000000E-03
  5.0000000000000E-03
  5.0000000000000E-03
  5.0000000000000E-03
  5.0000000000000E-03
  5.0000000000000E-03
  5.0000000000000E-03
  5.0000000000000E-03
  5.0000000000000E-03
  5.0000000000000E-03
  5.0000000000000E-03
  5.0000000000000E-03
  5.0000000000000E-03
  5.0000000000000E-03
  5.0000000000000E-03
  5.0000000000000E-03
  5.0000000000000E-03
  5.0000000000000E-03
  5.0000000000000E-03
  5.0000000000000E-03
  5.0000000000000E-03
  5.0000000000000E-03
  5.0000000000000E-03
  5.0000000000000E-03
  5.0000000000000E-03
  5.0000000000000E-03
  5.0000000000000E-03
  5.0000000000000E-03
  5.0000000000000E-03
  5.0000000000000E-03
  5.0000000000000E-03
  5.0000000000000E-03
  5.0000000000000E-03
  5.0000000000000E-03
  5.0000000000000E-03
  5.0000000000000E-03
  5.0000000000000E-03
  5.0000000000000E-03
  5.0000000000000E-03
  5.0000000000000E-03
  5.0000000000000E-03
  5.0000000000000E-03
  5.0000000000000E-03
  5.0000000000000E-03
  5.0000000000000E-03
  5.0000000000000E-03
  5.0000000000000E-03
  5.0000000000000E-03
  5.0000000000000E-03
  5.0000000000000E-03
  5.0000000000000E-03
  5.0000000000000E-03
  5.0000000000000E-03
  5.0000000000000E-03
  5.0000000000000E-03
  5.0000000000000E-03
  5.0000000000000E-03
  5.0000000000000E-03
  5.0000000000000E-03
  5.0000000000000E-03
  5.0000000000000E-03
  5.0000000000000E-03
  5.0000000000000E-03
  5.0000000000000E-03
  5.0000000000000E-03
  5.0000000000000E-03
  5.0000000000000E-03
  5.0000000000000E-03
  5.0000000000000E-03
  5.0000000000000E-03
  5.0000000000000E-03
  5.0000000000000E-03
  5.0000000000000E-03
  5.0000000000000E-03
  5.0000000000000E-03
  5.0000000000000E-03
  5.0000000000000E-03
  5.0000000000000E-03
  5.0000000000000E-03
  5.0000000000000E-03
  5.0000000000000E-03
  5.0000000000000E-03
  5.0000000000000E-03
  5.0000000000000E-03
  5.0000000000000E-03
  5.0000000000000E-03
  5.0000000000000E-03
  5.0000000000000E-03
  5.0000000000000E-03
  5.0000000000000E-03
  5.0000000000000E-03
  5.0000000000000E-03
  5.0000000000000E-03
  5.0000000000000E-03
 -2.6622588456881E-01 -3.0866839576645E-01  1.4697405541245E-01
  6.2376357356348E-01  4.6330234324783E-01  1.6334085117995E-01
  2.1676664952901E+00 -9.9834153129549E-02 -1.1440699014003E+00
  2.3247807321818E-01  1.4101581013079E-01  2.4060397938999E-01
 -6.4476982631145E-01 -7.3163074357505E-02  4.2851700781812E-01
  6.2832566723305E-01  7.4248809650627E-01  4.2293958572480E-01
 -3.0871612417218E-01  5.4963261564486E-01  8.6258845767749E-02
 -2.7391343963042E-01 -1.4289059390522E+00  3.0150441193965E-01
  2.1785172450704E-01 -7.0722989872254E-01 -6.6697383689189E-01
 -8.3596373416986E-02 -9.4985612256029E-01  8.7971102477016E-01
  1.2693590122573E-01  5.5190538495897E-01  8.5143367560155E-01
  8.2056679526877E-02 -6.6946009595235E-01  2.7610609261274E-02
 -4.2429594508953E-01 -4.0604563973577E-01 -3.3325468628524E-01
 -1.3577705633278E-01 -3.6382723862279E-01 -3.9573131932405E-01
  1.2537851902465E-01  2.8637731931825E-01  4.6705652616942E-01
 -1.9579597619868E-01  3.3598390159039E-01 -1.8321434491416E-01
  2.3620016255013E-01  5.4367116400033E-01 -6.8589424094833E-01
  3.9105751065306E-01 -1.2351484114088E+00  1.2925143694373E+00
  1.2262961208244E-01  9.0368567778580E-02 -1.8647100077780E-02
 -1.5005929002373E-02 -1.7950501623767E-01 -1.1909574546565E-01
  4.5046353684456E-01 -2.9432121087385E-02  3.9433317764736E-02
 -4.7683817258574E-01  3.0134842144383E-01 -2.4540297511365E-01
 -1.5381390277316E+00 -8.2399244085672E-01 -1.4645426460040E+00
  7.3780265002947E-01 -3.8423123463008E-01  1.1491761643556E-01
  6.5168350140605E-01  6.2676698535385E-01 -4.5628270531156E-01
 -2.3084001447173E-01  1.8174331669067E-01  7.2327259422670E-02
  2.9402381072767E-01  1.5505516280843E-01  4.7904643938222E-01
  1.5898013474932E+00  2.4474262557034E+00  9.8067324857979E-03
  6.9698244116213E-01 -1.1767430456950E-01 -5.0271525547322E-01
  5.8450020840166E-01 -2.1751192585045E-01 -7.4154317264400E-01
 -8.1370396638862E-02  2.2968402208878E-01 -6.0143897872518E-01
 -2.0355524437354E-01  6.9582816096750E-01  6.8359411509468E-01
  3.1854370927414E-01 -8.3968857726088E-02  6.4572493196554E-01
  3.0529801166861E-01 -3.1369144577461E-01 -3.6047705730524E-02
 -1.2084971799502E-01  6.6642020688127E-02 -1.2016116853426E-01
 -5.2944342272399E-02 -1.7409762143421E+00 -8.6617599257930E-02
 -3.8448821286839E+00 -6.3985373658579E-01  7.5452416046749E-01
 -1.0017137251815E+00  2.4130705860313E-01 -1.4839141670338E-01
 -1.5565361652223E+00 -1.6073155845651E+00 -1.1748587786333E+00
 -3.2783153750504E-01  1.9839562485202E-01 -4.2260776808027E-01
  3.2437717453720E-02  2.5837553801241E-01 -8.3375028029817E-03
  3.2010414440119E-01  7.2427263709735E-01  8.2972863054051E-01
 -3.8972299265911E-01 -3.8214192089834E-01 -1.2832327746390E-01
 -6.5324536105502E-01  4.0431147825395E-01 -5.3936861816180E-01
 -1.2376883431636E+00  5.9423730639762E-02 -7.6663488589444E-01
  5.5326736423085E-01  5.9156052557869E-01  4.2502331299403E-01
 -5.2768998300688E-02 -3.6802622639625E-01  3.0605920839784E-02
 -9.7021891534516E-01 -1.7120308672584E+00  8.5939358010930E-01
 -6.5095383332571E-02  6.6587491672849E-02  1.9861437573590E-01
  1.1731863603414E+00 -2.2852146421075E+00 -3.0272496471518E-01
 -4.2063696261816E-01 -1.5940913229776E-01 -1.0124594592804E-01
 -2.3201020844353E-01  3.4958150987103E-03  5.6920349505298E-01
  1.6855842479344E-01  2.5781448707394E-02  9.6892151652396E-02
 -3.7321734126933E+00 -2.3925176165139E+00  3.0917768088353E+00
 -2.4334193774935E-01 -1.6565373416051E-01  5.1028202040201E-01
 -1.4728450626509E-01  7.6982946056750E-02  9.4433892017449E-02
 -1.5118034038934E-01 -6.2672707149473E-01 -2.1594880687426E-01
  7.3363989669653E-01 -6.8379592564691E-01  6.1897631068320E-01
  5.4068622877375E-01 -1.3367199282081E-01  1.1319723776856E-01
  5.9355630584751E-01  1.3820153682812E+00  1.2202027058121E-01
 -2.4995115533335E-01  6.1575290057547E-01 -1.8786145824319E-01
  1.2077800502978E-01 -4.6764484380290E-01  6.9324935199199E-01
  4.0629159214770E-01 -6.0722780671289E-01 -1.2429693977007E+00
 -1.3312190990188E-01 -3.1566544555164E-01  6.3657274728927E-01
 -2.4108389859838E-01  7.2909198370750E-01  5.5396453891698E-02
 -3.7096374813790E-01  1.1473243092957E-01  6.1600494071453E-01
  4.5340859824550E-01 -5.2566159958088E-01 -4.6197547598256E-01
 -1.0688076708419E+00  1.9583019425036E-02 -4.8794289708609E-01
 -2.0519540827478E-01 -4.0786889723386E-01 -3.9388147610764E-02
  4.0486172029401E-01  4.3084313570066E-01 -6.6583168817790E-01
  8.9965340495672E-02 -6.5574955758304E-02  7.1637413353978E-01
 -5.3842923225690E-01  1.4200010692148E-02  1.6840195436982E-01
  1.0818755803164E-01 -4.5818731752766E-01 -1.5754526874116E+00
  1.4134332779383E-01 -1.5731752972680E-01  2.6939101976558E-01
  4.3857907195363E-01  7.5313551892676E-01  1.4103795076279E+00
 -1.5225824151791E+00  3.8381237928758E-01 -3.4043919136458E+00
  3.8674306289727E-01 -3.8477697113028E-01  2.4512256232994E-01
  7.2703217033965E-01 -1.3079040430511E+00  7.3456726516980E-01
 -8.4779341857140E-01 -6.3708104433405E-02  3.8912299420570E-01
 -6.7849075395504E-01 -7.4614441258977E-02 -1.5726403757839E-01
  4.5555851192010E-01  1.7564268188643E+00 -6.1476316753626E-01
 -1.9141071980134E+00  3.2733768963441E+00 -1.6749478911922E-02
 -6.3311399977015E-01  4.1756263575020E-01 -4.2600770284174E-01
 -2.4640894189365E-01  9.6230566734525E-02  3.4202593034889E-02
  6.3889509145697E-01 -1.6337681722351E-01 -4.7412134805023E-01
 -1.8626345208149E-01  3.3068972702948E-01  2.7382119822891E-01
  5.6190014671144E-01 -9.3497999656091E-01  7.4485899071947E-01
 -5.9346872379984E-01  9.4237319020675E-02 -2.2569055195134E-01
 -3.0127157042094E-01  1.2954075869839E-01 -3.7909569025746E-01
  4.4559377884365E-01 -1.4676191644023E-01 -6.4301981913726E-01
  2.1587203931602E+00 -6.3628400470091E+00 -1.0604929480239E+00
 -2.8420766001412E-01 -6.6997641411031E-02  4.2370378255187E-01
 -5.4762638658704E-01  1.3177336130935E-01  3.5327969274846E-01
 -5.3517463973965E-01  2.9197536955655E-01  5.6715292193565E-01
  1.5034348738664E-03  2.3252570649992E-01  3.9347347388172E-02
  4.7645913474306E-02 -5.4426328904347E-01 -5.6775547455298E-01
 -1.2607765254455E-01  1.1472005002222E+00 -3.4629909094401E-01
 -6.2784592614638E-03 -2.6718625268759E-01  2.0199835076293E-01
  9.4020345618499E-01 -5.9931428916915E-01 -8.5895231420590E-03
 -1.5078780471218E+00  7.4744453978320E-01  3.6641599302334E-01
  5.8282651971661E-01  2.2817813112261E-01 -5.6073967274642E-01
 -9.4197538186516E-01  3.5845212491967E-02  4.5684645974467E-01
  8.0548390400495E-01 -1.1232287975483E+00 -4.2390390158902E-01
 -2.7617334601375E-01  7.9860344374878E-02  3.3844926511375E-01
 -3.9602049750302E-01 -7.8433054152454E-01  1.4322861204168E-01
 -4.2867671078370E-01 -1.8024980238214E-01  6.3250689762613E-01
 -6.0567903975151E-01 -6.4737179679201E-01 -7.6102403829805E-01
 -3.4067995972890E-01  3.4412458697189E-01  2.0791326075907E-01
 -4.5671775521661E-01  8.0166006386284E-01 -5.6781431257323E-01
  4.4699705170821E-01  3.9430917340350E-01 -3.5598837025537E-01
  5.2520101223946E-02 -1.0156339737744E-01 -8.0416187269692E-02
  4.1491258601663E-01  5.5981510050258E-01  2.9266928066723E-01
  3.8565247548654E+00 -7.3023095602170E-01  2.8621382807437E-02
 -4.8594912902436E-02  1.7724782892211E+00 -6.8575385051153E-01
 -3.1719363311462E-01 -1.3307822598727E-01  1.1742345574456E-01
 -1.2656602086561E-01  1.5152073124741E-01  9.6202434615834E-02
 -2.4178881610858E-01  4.8087381981798E-01 -1.7857552047602E-01
 -1.2521389618722E-01  1.6765619518883E-01 -1.6667497884021E-01
 -7.6909605187826E-01  4.7399929924455E-01 -3.0050250127492E-01
  6.5646803598021E-01 -8.7268363286518E-01  2.3603341095119E-01
  6.2586602653595E-02 -4.6951655044148E-01  3.1794116255825E-01
  6.1352874588538E-02 -1.9227363503728E-01  3.3525319007505E-01
  8.9462280547329E-01  3.2062661428231E+00  7.6727817153447E-01
 -3.6181008187977E-01 -2.4747962934535E-01  5.0621045077493E-01
 -4.4185898603903E-02 -2.6072882739054E-01 -3.1109490851040E-01
  3.4588937713485E+00 -7.9021268344204E-01  1.2381072269018E+00
 -2.0760440206463E-01 -1.2898931761479E+00 -1.1586270447917E+00
  6.4800854889656E-01 -2.0589623554967E+00 -3.1812204414486E+00
  3.3543510318512E-01  1.7711172643935E-01 -1.1078777559539E+00
 -2.3748084034370E-01 -1.2558140389525E+00  6.4200751536549E-01
  8.5231582482352E-02  6.8917677414276E-01  4.8080246560590E-01
  2.3750245414096E-01 -8.6981557763470E-02  1.4906334262989E-01
 -3.1135442556934E-01  9.9537157176930E-02 -4.7573503599908E-01
 -4.1922616618952E-01  2.1443493010925E-01 -3.2982107874333E-01
  1.3662060173795E+00 -8.5274321812359E-01 -2.7371602611608E-01
  6.2103718258638E-01  6.9792691661378E-01 -5.2113556298644E-01
 -1.1350393429333E-01  2.4710592128860E-01 -1.7884502295871E-01
  1.6438035311383E-01  5.6603454547820E-01  8.5322401153779E-01
 -5.9269955696348E-01 -4.6081736361072E-01 -8.7212332813723E-01
 -5.1530079205860E-01 -2.6446225780271E-01 -5.0371589457112E-01
 -3.3679493990644E-01 -4.1393815408169E-02 -6.4744022649137E-02
  1.9015115435013E+00  4.7147699046587E+00 -2.8738856518930E+00
 -4.0301530379429E-02 -1.2375501569907E-01  2.7721758036334E-01
 -2.7496895919622E-01 -6.5440702443669E-01  7.6066244041247E-01
 -5.5940096368922E-01 -1.4152187711557E-01 -3.6854626113404E-01
  3.7211876434047E-01  1.2886912474316E-01  1.0029254785673E-01
 -1.0133225819005E+00  4.1645513290565E-01 -1.1549672933445E+00
 -4.9199302671550E-01 -2.5074703418613E-01  3.8116053764609E-01
  2.0922447623891E-01  8.6995055955047E-02  1.6352055151643E-01
 -2.3559642743125E-01 -2.5730393590950E+00 -5.1887081124919E-01
  1.3104535857971E-01 -1.2039552569152E+00  2.1327733401562E-01
  1.2468959717826E-01 -9.2206031810951E-02  2.0184014054436E+00
 -6.1947472041194E-01  9.7462257807590E-01  5.7207593493492E-01
 -6.1453416161515E-02 -1.3257283203045E-01  1.6134443825673E-01
  1.1673949367317E+00 -1.3405260619705E-02  2.4232254282113E-01
 -1.8066382404553E-01  1.9946032012321E-01  4.1135362579309E-01
  8.5099866057839E-01  5.3353973428168E-02 -1.5952895502173E-01
  2.6228745180743E-01 -2.2198696614014E-01 -2.3426925111934E-01
  1.5669471547588E+00  1.1004980021038E+00  1.8970997780703E-01
 -8.2468488148272E-01  1.1104012949122E+00  3.4102675836017E-01
  5.8008945763429E-01  1.8356554326900E-01  8.9470852098079E-01
 -4.6837732845776E-01  4.1101887946619E-01 -3.8724538868956E-01
  3.2244119616621E-01  6.2693375382604E-01 -4.3477892537588E-01
  3.6416770508590E-02 -8.7050173676758E-02  7.5099990502369E-01
  2.2992221888853E-01  1.8082701886448E-01 -1.5288940526243E-01
 -1.8495754395804E-02  5.7450347062500E-01  5.1375998466180E-01
 -1.7670224675633E-01  1.3953131528438E-01 -1.8873282487001E-01
  1.4132444163456E+00  8.7198834218395E-01 -1.0440618821060E+00
 -3.5228354789673E-01  3.4162097837004E-01  2.8922626963480E-01
 -7.4760142834564E-01 -1.3042897121384E-01 -2.2280499218933E-02
  1.8654285906603E-01  1.8529647997244E-02  2.8133626221179E-01
  4.2372903796913E-01  3.3715597332683E-01 -3.6895135372933E-01
  7.2175568428665E-01 -1.9006344461545E-01  3.7463953533444E-02
  1.1553298001477E+00  2.2687835682850E-01 -3.8420756504765E-01
  1.7030120877236E-01 -1.8131156057976E-02  6.2668213074632E-01
 -1.9060304781517E-03 -6.9491043516184E-01  2.5203317791295E-01
 -7.7408911932234E-01  4.1527068324524E-01  1.6318992043580E-01
 -7.6020263184586E-01 -1.0390802867488E+00 -9.1072639735203E-01
 -5.0559597353455E-01  2.4490642069184E-01  1.6754874548461E-01
  1.4267390832723E+00  4.8306491647421E-01  2.5859538534701E-01
 -1.6519283393054E+00  1.6587687980694E+00  1.7449613122736E+00
  2.4230868580625E-01  5.0724877210827E-01  2.7804728007130E-01
 -3.5411319773421E-01 -2.8307526006928E-01  2.0940682503609E-01
 -5.3222784454055E-01 -5.0412175017342E-01  1.1121588486029E+00
  5.0659147983685E-01  3.1183945942957E-01  8.2915695161097E-01
  4.7700829116069E-02  1.9290128892080E-01  1.3720229966507E-01
  4.9473546762246E-01 -5.0289057076611E-01  6.0357137830041E-02
  7.0733633119985E-02 -1.9985329532063E-01 -4.1688734011624E-01
 -3.5677713428554E-01  1.3609981609437E-01  2.3309011167712E-01
  1.6559879857918E+00  1.3337601430919E+00 -5.9832178999832E-01
 -8.9990591825719E-02  3.6014212361833E-02  1.7468033755706E-01
 -2.3555482316846E+00  2.2288756005801E+00  2.0999646948223E+00
  4.1145998627606E-01  9.4326931548304E-01  1.2317369405418E-01
 -1.5845536594527E+00  2.7392337098507E-01 -9.1131557652960E-01
  2.0333769997552E-01 -1.7115051979136E-01 -2.7496561970806E-01
 -5.7815424150015E-01  5.1680702117535E-02 -1.6010092053326E-01
  1.4797454702825E+00 -1.1205026181515E+00 -9.0801520616068E-01
 -2.7560389182036E-01  1.8579164554095E-01 -4.2078356643749E-01
 -8.4208924694625E-02 -1.7722415040190E-01  4.9542396086932E-01
  6.5940632454207E-01  1.3402550716053E+00  5.3745308142409E-01
  3.4489075422358E-01  1.0589873889300E+00  6.8365018672092E-01
 -2.7527454858937E-01  4.1655112689055E-01 -5.4969743226642E-01
 -3.0742867132904E-02 -1.3034172667266E-01 -3.2663576332713E-01
 -6.8648868704990E-01 -3.3038712602354E-01  1.2233280330961E-02
 -5.0604227210905E-02  5.1306279918213E-01  1.0596201461438E-01
 -3.3924080405907E-01 -3.3717187419639E-01  1.2633629239498E-01
  8.9408616546188E-01  4.8926190971707E-01  2.8673334473255E-01
  9.3472898380016E-02  1.9074445146987E-01  1.1704333159478E-01
  3.0209909595874E-01 -3.0673815438294E-01 -3.5820598424925E-01
  2.0014467255460E-01  3.9177656007444E-01  2.6829520800182E-01
  2.6200440886857E-01 -1.5940548313810E-01 -1.9388369751810E-01
  1.1275452306253E-01  5.8816442699607E-01  8.5717978358309E-01
  3.2610289568892E-01  3.4898874819393E-02  6.7497841700012E-01
 -2.0175021338714E-01  1.6253108539582E-01 -5.6935718028315E-01
 -7.8385542089427E-01 -1.1085355753688E-01 -5.6832356159184E-02
 -1.6512250795228E-01 -9.4856388588366E-03 -2.4766336936407E-01
  5.8971648865229E-02 -9.1524109141142E-02  7.0141333646061E-01
 -1.1608717058802E-01 -1.2782682757837E-01 -2.0339762431132E-01
  2.6649529117144E-01  9.8498969472258E-02 -7.6318645529655E-01
 -5.2501885358237E-01  5.6797680129424E-01 -1.7650234061035E-01
  4.2197245461438E-01 -3.4746559020417E-01 -7.0179130504168E-01
 -8.0855115684939E-01  1.1348212632945E-01  5.3414082549407E-01
  4.1071779314134E-02  1.1434339087647E-01  4.3610344589694E-01
  3.8484434797524E-02 -4.1348700246842E-01 -5.3918825699341E-01
  5.0636565377832E-01 -2.1845635322525E-01  2.0247025271855E-01
  3.1059513872720E-01  2.0102768907297E-01  4.6208174278245E-01
 -5.5106715632002E-01 -3.8581666007133E-02  3.0005153597216E-01
 -3.5882863901100E-01  2.5860453850311E-01  1.6552080784838E-01
  6.5349929519123E-01 -7.5814858268294E-01  2.1759155352014E-01
 -4.7473101683348E-01  7.6256122914846E-01 -1.4449283984610E-01
 -5.3958620274245E-01  3.5809389217096E-01 -3.5747943786458E-01
 -8.4604866215890E-01  1.7818809194205E-01 -4.5471874781787E-01
  5.1902026821397E-01  2.8785877598260E-02 -7.9285634331938E-01
  8.4547176503913E-02 -4.9802816217007E-01 -6.6010188211135E-01
 -1.2392410323746E-01  4.3744092751851E-02  6.4378479512789E-01
  2.3102814521287E-01  2.9167543375102E-01 -3.6437876185058E-01
 -5.4687170866018E-02 -2.3703365398922E-02  4.1907454880632E-02
  6.7864075338721E-03  8.1599456654725E-02 -1.7014935753539E-01
  4.9079843888782E-01 -1.7877454350578E-01 -2.6865052401486E-01
 -4.8380665982166E-02  2.8001533056597E-01  5.4051703171616E-01
  1.1134805844371E-01  1.0584856651389E+00  4.5989257260350E-01
 -2.0709224585548E-01 -3.9180749108400E-01 -9.7520441974757E-02
  1.2454399900727E-01  1.4739171847866E-01 -8.4910939059997E-01
 -1.6683683535310E-01  1.1875398453805E-01  4.8096483233435E-02
  2.0629320042996E-01  2.2910072735272E-01 -1.6901320035075E-01
 -2.6500524794148E-01 -6.4335561629607E-01 -2.2904347068137E-01
  1.3340326283456E-01 -1.0196731673932E-01 -6.4302354526864E-01
  9.3347546325965E-02  4.7223958471092E-01 -2.5662437603220E-02
 -7.9855095795965E-01  4.5253158660807E-01 -7.0799981692545E-01
  1.1599692064750E-01  1.2177079094063E-01 -2.4476213400295E-01
 -1.5403562225331E-01  7.3431453399311E-01 -4.4724790542776E-01
 -4.6459526352913E-01 -4.0870030300359E-01  2.7403973952387E-01
 -9.2823881793937E-02  5.2810415107715E-01 -3.6860085505060E-01
  2.0925768767077E-01 -4.4333815191763E-02  1.0194336068609E-01
  7.7081412167919E-02 -9.5032018807863E-02 -2.9952627344334E-01
  4.8663255827183E-01  1.8737247337949E-01 -1.0737647694854E+00
  7.4249281458831E-03 -4.0545449832764E-01  4.0114190033810E-01
 -1.1625028591756E-01 -3.1237584761901E-01  3.3319957610759E-01
  4.2747056509765E-01 -2.3975505067143E-01  7.9693959614405E-01
  2.1234415467965E-01 -1.5746944439774E-02  3.5810497145697E-02
  4.2222017661350E-01  5.3643003969307E-01  7.6935983985654E-02
  2.6587517328315E-01  3.0828307516762E-01  4.6945801756260E-01
  1.1364514389568E-01 -3.3233691381457E-01  4.4324308320630E-01
 -1.8549413563419E-01 -3.9702199840201E-01 -3.2772971243000E-01
  3.9051088331821E-01  1.5039574486378E-01  7.2586688697833E-01
 -1.7663526580730E-02  1.7697101877853E-01 -2.1134018815124E-01
  4.7292441422055E-01 -3.9489342945899E-01  6.2212983069797E-01
 -8.6192864816797E-02 -2.1229033499878E-02 -6.9025291758778E-01
  8.0168926284766E-02  8.9776983853462E-01  1.7107132356651E-01
 -3.3826468913957E-01 -1.0071588926398E-02  1.5404838054981E-01
  2.1998675333981E-01 -1.8238628846572E-01  6.0606712941933E-01
  3.6305515532416E-02 -8.9625732455580E-01 -6.4606787397464E-01
 -3.0066090198062E-01 -2.8248357322853E-01  1.4945470771660E-01
 -5.4936092457201E-01 -6.6057493379162E-02  8.7186587254480E-01
 -1.3896126792504E-02  9.4411211852788E-02 -6.1525242725083E-01
  2.1213648866932E-01  1.2669202666318E-01  4.7787150768507E-03
 -5.1620895765229E-02 -5.9480933627327E-01  1.5203988333067E-01
 -1.9709463670084E-01  3.0479177979093E-01 -1.2930141859981E-01
  2.5811860832896E-01 -8.7966114701010E-01  3.1332371953306E-01
  3.4178241404851E-01 -1.3798204968058E-01  8.3477549815275E-02
 -5.6067515369278E-01  1.6567614934724E-01  1.8742678283807E-01
 -5.5326719182593E-02 -2.9331963122889E-01  7.1698602831582E-02
 -7.6248314580573E-02  7.9699618027715E-02 -3.5258850884216E-01
 -4.2477286786428E-01 -7.7213005274223E-01  1.2278605006690E-01
 -6.0269421787248E-01  4.6273915601591E-01 -1.0665748334309E-01
 -1.4218268247082E-01 -1.0368915478404E+00 -8.8420666174877E-02
  4.1288659516997E-01  3.6143637808873E-01  4.1924821748176E-02
  3.8193642500214E-02  1.9619855941189E-01  2.4085310393066E-01
 -1.8677696344666E-02  2.1373219841022E-01 -2.1295374752897E-01
  6.9938043976840E-01  5.2670311500146E-01 -1.7639881212215E-01
 -2.6363293850762E-01  3.2914278395521E-02  2.3084026108767E-01
 -3.9215888165796E-01 -2.5555529086014E-01 -7.5539955850705E-01
 -1.9141220194585E-01 -5.7893660910103E-01 -1.8043097626664E-01
  1.1981262719075E-01 -8.5646489605885E-01 -2.6458348750555E-01
  4.4555417907829E-01 -6.6160934239876E-01  3.0886624522545E-01
 -3.9614311288023E-01 -4.6293245913582E-01  4.7211999217445E-01
 -3.9675086145792E-01  3.8140305875560E-02 -2.1628139117665E-02
  2.0294029665169E-01  5.0093497282398E-01 -8.7513820875392E-01
  5.5890442225773E-01 -2.9743841740401E-01 -2.0352391137758E-01
 -4.9096929277022E-01 -3.6083904628593E-01  5.4060156588707E-01
  5.1394962812958E-01  6.1672006077067E-01 -8.2563556021196E-02
  1.6165428763018E-01 -6.8700057665124E-01 -5.3668891089429E-01
 -2.1063744322506E-03  1.8635319455691E-01 -3.0319985859922E-01
 -4.1877900102715E-01 -5.1824457346554E-01  5.4441121718149E-01
  4.2782652258774E-01  2.6123747586348E-01  7.8894189056627E-01
 -1.7925127887684E-01 -6.7557674372361E-01  4.1715272397561E-01
  6.0723314268315E-01 -5.2721369309849E-01  4.2026755783350E-01
  1.9857311945312E-02 -3.8135366014073E-01  6.2120620219534E-01
 -4.1770889474911E-01 -5.9744483374961E-02 -2.9146809613124E-01
 -5.3826935822389E-01  1.7100952066544E-01  1.7975539358540E-01
 -5.0434984944091E-01  1.4438409506462E-01 -2.1518044069554E-01
  8.5784506829607E-01  3.5125355407820E-01 -1.8242122062006E-01
  2.3677974468262E-01 -4.7671994774645E-01  3.1066549124996E-01
 -3.9509906063936E-01  1.1419606164609E-01 -1.1580931992289E-01
 -8.6219164756677E-02  8.3185586975216E-01 -7.5514430002397E-01
  1.5248385001269E-01 -2.5863444406684E-01  3.7899535008916E-01
 -1.9075876198680E-01  2.9817939765521E-02 -9.1378813979750E-01
 -2.7491670203816E-01 -3.2302014184152E-01 -3.2595443175179E-01
  1.6322052577351E-01  1.3693162233577E-01 -2.0624923349638E-01
  6.1869295897695E-01  3.3606501379578E-01 -3.9052145576790E-01
  3.8908131783767E-01  2.7161315294827E-02  2.6981802687349E-01
  3.7340910690209E-02  9.6261448200554E-01  1.0925764188479E-01
  1.2703045544643E-01  3.6219878434187E-01  2.9150348783715E-01
 -5.4826601973045E-01 -4.7485913044099E-03 -6.3980657395498E-02
  2.5740506732968E-02 -5.4433113016134E-01  6.7850469397830E-01
 -8.6972307652226E-02  3.4706899639272E-01 -1.7188204745102E-01
 -1.9514411843308E-01 -7.5790721942199E-02 -1.7198103479011E-02
  3.4435053496441E-01 -3.2687366089797E-02 -8.6363082753536E-02
 -1.5970698785542E-01 -9.7907487211159E-02  1.2278016911497E-01
 -1.3075797325091E-01 -2.9215895128692E-03 -2.4892942455135E-01
  3.5149077949978E-01 -2.5404715945659E-02 -4.2404725923244E-01
  1.3628688950068E-01  1.5690107697083E-01  7.5412476561943E-01
 -2.1901661366031E-02 -3.5692330436621E-01 -3.9799375464048E-01
 -1.4933887451692E-01 -7.1695712069915E-01  3.5914994765163E-01
  7.7356836921356E-02 -2.3307958660058E-01  3.4399749600609E-01
 -2.3817695830748E-01  3.1076006484297E-01 -1.6734126778142E-01
  1.7365384432431E-01  7.2041831519143E-01 -1.0223912581434E+00
  4.1692242552423E-01 -4.0712176413716E-01  5.5766985600614E-01
  6.9672166329286E-02  1.4677309050590E-01  3.7649960424522E-01
 -2.9444315706918E-01  3.7623073045103E-01  3.4844959605971E-02
  1.5220382118927E-01 -6.0186986894124E-01  2.8519547683316E-01
  6.8461038128818E-02 -1.8515840680105E-02 -1.6628496245179E-02
  1.0971893965695E-02  5.0019743021459E-02  8.4245293284443E-01
 -1.3062472357587E-01 -5.3770915881078E-01  6.0850730349396E-01
 -1.6075695700612E-01  4.7553862801222E-01 -1.6969571021828E-02
 -1.8337980692628E-01 -6.1778761902221E-01  2.3122084238097E-01
  1.1548882082375E-01  1.8507201436053E-01 -4.2297301518130E-02
 -5.1216152142395E-01  6.6280748530461E-01 -2.5189807490101E-01
 -2.2855176188688E-02  8.4408407861880E-01  2.2443198683968E-02
 -3.8256336284894E-01 -2.8476773040351E-01 -3.6085591085305E-02
  1.4639378735440E-01  8.3259384955005E-02  3.0559189596980E-01
  3.3536315281114E-01 -2.3341104013399E-01 -6.4371586320510E-02
  1.8176467379096E-02  3.0021367866870E-02 -9.5460044010549E-02
 -5.8624191135109E-02  1.0261047716481E+00 -1.0215329052684E-01
  6.5793786327374E-01 -3.0948051978062E-01 -4.9001864000805E-01
  1.9068766396722E-01  2.0663523899737E-01 -1.5382819044722E-02
 -7.8333694805495E-02 -3.4659307350687E-01 -1.0996951785281E-01
 -4.7629428494179E-01 -9.0833986350015E-02 -4.4359156599966E-01
  7.0059582437808E-02  4.6116111749525E-01  2.8760430603022E-02
 -3.4904944694018E-01 -1.3193772658254E-01  4.6915630527254E-01
  3.5450460364484E-01  6.7037183927764E-01 -1.5883365159969E-01
  3.0827216272452E-01  1.1325149789472E-01  7.7435510309431E-01
  8.2952437927121E-01  3.7228203709283E-01 -2.7075280435007E-01
  1.5758213526738E-01 -1.1549765081341E-01 -4.6959111210863E-03
 -5.6300322077535E-02  9.8119663183536E-02  7.7598100664628E-01
 -9.1194576300440E-02 -4.5094465289300E-01  4.3974515137117E-01
 -3.7359967088130E-01 -8.1629259548107E-02 -5.8791894288785E-01
  1.9712523870326E-01 -1.5178416368691E-01 -2.6932023024798E-01
  1.4069012567194E-01 -6.5585866274907E-01  9.5641905574010E-01
 -3.2240573469182E-01 -3.5920690261102E-01  1.5710512869853E-01
  2.8623401329170E-01 -2.2989568752535E-01 -4.1325579203002E-01
  6.0312161080590E-01 -6.1474335727775E-01 -9.9695031748616E-01
 -5.4130583473847E-01  2.8335061155536E-01  5.7622136632275E-01
 -5.2824558722175E-01 -4.1472439484276E-01 -5.4017112353482E-01
  3.8132674811013E-02 -3.1518050402799E-01  2.0232774643980E-01
  1.9245491936277E-01  1.3232749959091E-01 -2.3601150581032E-01
 -6.2187593658787E-02  2.3460227218681E-01 -6.5387906820943E-01
 -1.7896115691752E-01  2.7016542327452E-01 -8.8536034692817E-02
 -6.9018177855522E-02  1.5903344751998E-01  2.3841010467134E-01
 -2.9256491737979E-01 -1.6390461083480E-01  5.4842682636603E-01
 -9.8351309613262E-03  3.4498477901349E-01  1.4078009435349E-03
  4.6994161686213E-01  2.4137484003123E-01 -5.7409616363153E-02
 -1.2605509329332E+00  5.8386070554201E-01  3.4904269475736E-02
  2.3281811616672E-01 -1.5831285753312E-01 -8.4356788922592E-01
  3.5521826307388E-01 -8.2153812494594E-01 -7.5192711840041E-02
  4.7895173037943E-01  3.5338110526118E-01  6.2983544046432E-01
 -1.0645593881738E-01 -2.1284027447518E-01 -5.6652408473476E-01
  5.6578392451416E-01 -5.4707816688207E-01  5.1754923716958E-01
 -1.4091187722375E-01 -8.2138828426086E-02 -1.5944961048575E-01
  3.7717167370286E-01 -1.3323062668580E-01  5.4783204526402E-01
 -1.2471550742196E+00  2.3103280165376E-01 -6.5600091105928E-01
 -7.2501215193884E-02 -8.3217398087455E-02  2.8203059942106E-01
  1.2282802971740E-01 -1.4466901292195E-01  6.7381169762900E-01
 -2.8876839463896E-02  8.5845378958490E-02 -4.7454456799391E-02
  7.1624969030327E-03  3.4431442708227E-01 -4.8569526177010E-01
 -8.2619936120809E-02  6.2204604213610E-01 -3.2951323066624E-01
  2.6570347376181E-01  2.1122027044392E-02  7.8418497622483E-02
 -3.6530245530361E-01 -7.6551131655359E-02 -4.5060263267626E-01
  3.1196612242711E-01  1.3272023314039E-02  3.3398260361690E-01
  3.8279304859842E-01 -3.3650313291482E-01  3.9621462391839E-01
